14.377380
15.172816
4.680340
2.763983
2.118378
1.959536
2.066304
1.785200
1.680466
1.553856
1.548387
1.505656
1.481945
1.445285
1.467365
1.389162
1.343494
1.293692
1.279973
1.245727
1.222571
1.190717
1.123875
1.089897
1.093931
1.040936
0.983464
1.012733
0.971383
0.885578
0.818713
0.779231
0.739367
0.749240
0.782490
0.747064
0.690372
0.650489
0.632963
0.577442
0.580720
0.574891
0.544818
0.498190
0.544250
0.502584
0.507459
0.484358
0.437679
0.414552
0.446123
0.386166
0.396027
0.361323
0.344224
0.369333
0.360768
0.351663
0.362567
0.319167
0.310143
0.333706
0.282691
0.282969
0.298214
0.327862
0.315578
0.313379
0.299297
0.271955
0.245984
0.261161
0.205336
0.223001
0.261591
0.250402
0.242580
0.216177
0.239304
0.196077
0.230290
0.212579
0.217914
0.206883
0.187396
0.189193
0.196743
0.242461
0.206156
0.219305
0.222192
0.205055
0.205806
0.200227
0.210849
0.232869
0.175275
0.148767
0.162737
0.178775
0.186270
0.137903
0.135318
0.139509
0.174696
0.196965
0.170444
0.159422
0.158772
0.184033
0.232799
0.174350
0.117805
0.131967
0.128328
0.142354
0.168565
0.122207
0.128891
0.128160
0.104596
0.156121
0.138526
0.107892
0.127223
0.137128
0.111398
0.122625
0.120597
0.127739
0.154374
0.134732
0.126761
0.142692
0.133736
0.148251
0.135363
0.098536
0.083617
0.091796
0.088132
0.081017
0.098753
0.090991
0.092834
0.092900
0.087193
0.084666
0.089837
0.119707
0.078933
0.082880
0.081745
0.100165
0.100902
0.084289
0.098060
0.090880
0.082538
0.099484
0.094227
0.093611
0.086809
0.092216
0.085255
0.066929
0.069656
0.075146
0.088411
0.081089
0.082709
0.078231
0.066730
0.079119
0.073712
0.081613
0.074722
0.079243
0.081302
0.079090
0.087652
0.069932
0.074064
0.072487
0.057379
0.053588
0.048051
0.066233
0.051051
0.049928
0.055530
0.048402
0.043584
0.056058
0.053330
0.049568
0.052968
0.051098
0.045384
0.051080
0.048007
0.043980
0.067111
0.050399
0.045512
0.043832
0.044669
0.046605
0.046681
0.044162
0.047636
0.043088
0.050469
0.052024
0.043368
0.047755
0.042468
0.040641
0.046993
0.044623
0.040575
0.040740
0.045537
0.045436
0.042164
0.040083
0.040449
0.050070
0.041110
0.051428
0.048769
0.047285
0.045620
0.044405
0.045491
0.045722
0.045750
0.049905
0.039985
0.046349
0.052016
0.042413
0.042994
0.038925
0.045300
0.048471
0.042541
0.050984
0.048330
0.038724
0.045562
0.042707
0.042438
0.046996
0.044468
0.043333
0.042534
0.046274
0.044780
0.040185
0.043909
0.045253
0.039890
0.040179
0.047469
0.047863
0.042939
0.046965
0.040560
0.043989
0.049316
0.038456
0.047242
0.041613
0.049941
0.044714
0.040441
0.041866
0.040266
0.045307
0.041220
0.039143
0.036186
0.041345
0.045288
0.045644
0.043948
0.042606
0.043925
0.040902
0.042423
0.046018
0.044474
0.039813
0.043110
0.043475
0.040839
0.044016
0.042622
0.044221
0.040815
0.039459
0.039330
0.042191
0.047014
0.041874
0.042244
0.041659
0.037977
0.042800
0.038670
0.045565
0.044984
0.035181
0.042392
0.047094
0.043151
0.044045
0.036468
0.050599
0.043506
0.040392
0.048196
0.047597
0.042365
0.046134
0.044026
0.041310
0.038244
0.038949
0.043103
0.045285
0.045060
0.037191
0.039497
0.039914
0.038184
0.042343
0.037457
0.042676
0.047706
0.039475
0.048672
0.038051
0.036042
0.038445
0.043778
0.039852
0.042317
0.042294
0.039871
0.039932
0.041613
0.037258
0.040323
0.036377
0.035237
0.043334
0.043178
0.039517
