11.758472
2.418988
2.284406
1.741789
1.556016
1.368263
1.296702
1.035173
0.954028
0.898416
0.773225
0.681163
0.698514
0.566606
0.468082
0.534586
0.595031
0.440027
0.408720
0.332247
0.295755
0.309265
0.308070
0.262765
0.276612
0.260417
0.294510
0.291234
0.237204
0.177219
0.188377
0.190477
0.156140
0.234770
0.216506
0.160883
0.183629
0.219322
0.178900
0.139632
0.164904
0.159005
0.187339
0.133475
0.143295
0.138086
0.104431
0.139800
0.091052
0.119485
0.103049
0.129629
0.131089
0.109823
0.100229
0.134545
0.093833
0.113179
0.106545
0.109932
0.113216
0.116394
0.128554
0.082401
0.095172
0.076181
0.113005
0.091407
0.064033
0.086076
0.082697
0.084860
0.085410
0.079025
0.073792
0.092522
0.089886
0.082670
0.113332
0.082280
0.070678
0.092953
0.085373
0.073046
0.078070
0.091200
0.079067
0.079958
0.095697
0.076104
0.072629
0.062876
0.055787
0.060868
0.060134
0.060883
0.080727
0.075893
0.060173
0.069592
0.060152
0.065520
0.074739
0.073310
0.052415
0.064896
0.059266
0.051998
0.070151
0.046846
0.066318
0.048501
0.062718
0.049142
0.054262
0.058619
0.060555
0.056146
0.039154
0.061261
0.058025
0.040348
0.067222
0.046666
0.062346
0.050419
0.042075
0.070900
0.042143
0.057720
0.040914
0.052153
0.047220
0.048828
0.042790
0.048020
0.040431
0.066286
0.037281
0.062854
0.047569
0.040197
0.048338
0.044823
0.061272
0.037397
0.059159
0.044886
0.043741
0.072378
0.039399
0.043182
0.042605
0.044438
0.072938
0.047855
0.045716
0.048879
0.065543
0.039808
0.046839
0.072966
0.038274
0.080759
0.043819
0.043104
0.056351
0.042437
0.040815
0.037975
0.040932
0.052475
0.061341
0.045612
0.049071
0.035469
0.038167
0.038522
0.037768
0.046212
0.038156
0.047454
0.031027
0.041199
0.027578
0.040187
0.036792
0.037835
0.030070
0.051926
0.036641
0.043354
0.051517
0.030413
0.038500
0.031713
0.034892
0.031087
0.031888
0.041449
0.032345
0.037493
0.041192
0.031803
0.031780
0.031852
0.027807
0.026543
0.056550
0.029327
0.030635
0.037969
0.065907
0.037881
0.026459
0.037399
0.033179
0.032676
0.034410
0.024416
0.027162
0.030112
0.033104
0.032667
0.035206
0.027780
0.029477
0.038662
0.042617
0.027364
0.033363
0.028331
0.029242
0.039989
0.033648
0.043759
0.025776
0.028818
0.032058
0.045308
0.038320
0.038578
0.026221
0.032891
0.026136
0.028064
0.034805
0.033580
0.041690
0.028576
0.038019
0.021129
0.029893
0.035086
0.028904
0.022655
0.026959
0.044488
0.032879
0.029679
0.045081
0.044898
0.027830
0.034446
0.027074
0.031536
0.032780
0.032567
0.034047
0.026113
0.048369
0.024061
0.034589
0.049599
0.028687
0.048407
0.041243
0.034176
0.047203
0.028718
0.029750
0.037742
0.023966
0.042356
0.023882
0.032625
0.020897
0.033655
0.050023
0.022894
0.024590
0.029842
0.033844
0.025180
0.022520
0.027224
0.045223
0.034987
0.024601
0.024545
0.021488
0.028360
0.038223
0.037544
0.030804
0.026682
0.028496
0.029082
0.036595
0.035781
0.030474
0.027010
0.021845
0.030748
0.026628
0.032135
0.028735
0.038753
0.043293
0.032312
0.033448
0.036067
0.070746
0.032234
0.026417
0.030437
0.033629
0.042986
0.023242
0.023673
0.034439
0.035245
0.036242
0.040673
0.040615
0.027121
0.029879
0.034832
0.030863
0.044427
0.046677
0.031919
0.022598
0.027270
0.041366
0.026543
0.031740
0.031815
0.023535
0.026869
0.033037
0.030607
0.039047
0.029209
0.031064
0.020633
0.026713
0.048470
0.031707
0.026540
